
Electre IV : 
Concordance matrix : 
[[None, 0.76, 0.45, 0.6200000000000001, 0.5700000000000001, 0.19, 0.25999999999999995, 0.9500000000000002, 0.38000000000000006, 0.13], [0.5800000000000002, None, 0.29000000000000004, 0.6500000000000001, 0.43000000000000005, 0.3500000000000001, 0.39, 0.8000000000000003, 0.3600000000000001, 0.22999999999999998], [0.8600000000000003, 0.7700000000000002, None, 0.8200000000000003, 0.5400000000000001, 0.3900000000000001, 0.4800000000000001, 0.9200000000000004, 0.40000000000000013, 0.38000000000000006], [0.7900000000000003, 0.6500000000000001, 0.5700000000000001, None, 0.6200000000000001, 0.30000000000000004, 0.3600000000000001, 0.8200000000000003, 0.4600000000000001, 0.24000000000000002], [0.8900000000000003, 0.9400000000000002, 0.6700000000000002, 0.9600000000000002, None, 0.54, 0.6600000000000001, 0.9300000000000002, 0.6500000000000001, 0.28], [0.9200000000000004, 0.9000000000000001, 0.77, 0.9500000000000002, 0.6600000000000001, None, 0.7700000000000002, 0.9500000000000002, 0.6400000000000001, 0.6400000000000001], [0.8500000000000003, 0.8500000000000001, 0.69, 0.9000000000000001, 0.6900000000000002, 0.56, None, 0.9000000000000001, 0.6900000000000002, 0.4], [0.5300000000000001, 0.7100000000000002, 0.4, 0.51, 0.4600000000000001, 0.21, 0.27, None, 0.25, 0.21], [0.9200000000000004, 0.9500000000000002, 0.6500000000000001, 0.9500000000000002, 0.9900000000000002, 0.6200000000000001, 0.8500000000000003, 0.9500000000000002, None, 0.38], [0.9200000000000004, 0.9200000000000004, 1.0100000000000002, 1.0200000000000002, 0.9200000000000004, 0.7200000000000002, 0.9100000000000004, 0.9200000000000004, 0.8100000000000003, None]][[None, 1, 1, 1, 1, 1, 1, 1, 1, 1], [1, None, 1, 1, 1, 1, 1, 1, 1, 1], [1, 1, None, 1, 1, 1, 1, 1, 1, 1], [1, 1, 1, None, 1, 1, 1, 1, 1, 1], [1, 1, 1, 1, None, 1, 1, 1, 1, 1], [1, 1, 1, 1, 1, None, 1, 1, 1, 1], [1, 1, 1, 1, 1, 1, None, 1, 1, 1], [1, 1, 1, 1, 1, 1, 1, None, 1, 1], [1, 1, 1, 1, 1, 1, 1, 1, None, 1], [1, 1, 1, 1, 1, 1, 1, 1, 1, None]]
Non Discordance matrix : 
[[None, 0.76, 0.45, 0.6200000000000001, 0.5700000000000001, 0.19, 0.25999999999999995, 0.9500000000000002, 0.38000000000000006, 0.13], [0.5800000000000002, None, 0.29000000000000004, 0.6500000000000001, 0.43000000000000005, 0.3500000000000001, 0.39, 0.8000000000000003, 0.3600000000000001, 0.22999999999999998], [0.8600000000000003, 0.7700000000000002, None, 0.8200000000000003, 0.5400000000000001, 0.3900000000000001, 0.4800000000000001, 0.9200000000000004, 0.40000000000000013, 0.38000000000000006], [0.7900000000000003, 0.6500000000000001, 0.5700000000000001, None, 0.6200000000000001, 0.30000000000000004, 0.3600000000000001, 0.8200000000000003, 0.4600000000000001, 0.24000000000000002], [0.8900000000000003, 0.9400000000000002, 0.6700000000000002, 0.9600000000000002, None, 0.54, 0.6600000000000001, 0.9300000000000002, 0.6500000000000001, 0.28], [0.9200000000000004, 0.9000000000000001, 0.77, 0.9500000000000002, 0.6600000000000001, None, 0.7700000000000002, 0.9500000000000002, 0.6400000000000001, 0.6400000000000001], [0.8500000000000003, 0.8500000000000001, 0.69, 0.9000000000000001, 0.6900000000000002, 0.56, None, 0.9000000000000001, 0.6900000000000002, 0.4], [0.5300000000000001, 0.7100000000000002, 0.4, 0.51, 0.4600000000000001, 0.21, 0.27, None, 0.25, 0.21], [0.9200000000000004, 0.9500000000000002, 0.6500000000000001, 0.9500000000000002, 0.9900000000000002, 0.6200000000000001, 0.8500000000000003, 0.9500000000000002, None, 0.38], [0.9200000000000004, 0.9200000000000004, 1.0100000000000002, 1.0200000000000002, 0.9200000000000004, 0.7200000000000002, 0.9100000000000004, 0.9200000000000004, 0.8100000000000003, None]]Seuil : 0 Noyau : 
Seuil : 1 Noyau : 
Seuil : 2 Noyau : 
Seuil : 3 Noyau : 
Seuil : 4 Noyau : 
Seuil : 5 Noyau : 
Seuil : 6 Noyau : 
Seuil : 7 Noyau : 9 
Seuil : 8 Noyau : 5 9 
Seuil : 9 Noyau : 5 8 9 
