
Electre Is : 
Concordance matrix : 
[[None, 0.88, 0.7344999999999999, 0.8465000000000001, 0.7585, 0.6044999999999999, 0.6934999999999999, 0.9500000000000002, 0.6835, 0.4725000000000001], [0.8350000000000002, None, 0.725, 0.8925, 0.7509999999999999, 0.659, 0.7200000000000001, 0.9525000000000001, 0.6935, 0.5075000000000001], [0.9050000000000002, 0.9255000000000002, None, 0.9725000000000001, 0.7940000000000002, 0.7665000000000001, 0.8450000000000002, 0.9750000000000003, 0.7090000000000002, 0.7230000000000001], [0.8825000000000003, 0.8785, 0.768, None, 0.7295, 0.6729999999999998, 0.7245, 0.8850000000000002, 0.682, 0.5594999999999999], [0.9625000000000002, 1.0000000000000002, 0.8525, 0.9925000000000002, None, 0.7750000000000001, 0.8925000000000003, 0.9800000000000002, 0.9100000000000001, 0.6815000000000001], [0.9200000000000004, 0.9795000000000001, 0.8865000000000001, 1.0075, 0.8465000000000001, None, 0.9465000000000003, 0.9500000000000002, 0.8015000000000001, 0.7580000000000001], [0.8975000000000003, 0.9690000000000002, 0.9034999999999999, 0.9875000000000002, 0.8925000000000001, 0.875, None, 0.9725000000000001, 0.8350000000000001, 0.7314999999999999], [0.7810000000000001, 0.8725000000000003, 0.6925, 0.8149999999999998, 0.6874999999999999, 0.5455, 0.6444999999999999, None, 0.6324999999999998, 0.4975000000000001], [0.9750000000000003, 1.0100000000000002, 0.8649999999999999, 1.0050000000000001, 1.0175, 0.8375, 0.9425000000000001, 0.9900000000000002, None, 0.7615000000000001], [0.9200000000000004, 0.9750000000000003, 1.0100000000000002, 1.0275, 0.9200000000000004, 0.9250000000000003, 0.9700000000000003, 0.9750000000000003, 0.8925000000000003, None]]Non Discordance matrix : 
[[None, 0.88, 0.7344999999999999, 0.8465000000000001, 0.7585, 0.6044999999999999, 0.6934999999999999, 0.9500000000000002, 0.6835, 0.4725000000000001], [0.8350000000000002, None, 0.725, 0.8925, 0.7509999999999999, 0.659, 0.7200000000000001, 0.9525000000000001, 0.6935, 0.5075000000000001], [0.9050000000000002, 0.9255000000000002, None, 0.9725000000000001, 0.7940000000000002, 0.7665000000000001, 0.8450000000000002, 0.9750000000000003, 0.7090000000000002, 0.7230000000000001], [0.8825000000000003, 0.8785, 0.768, None, 0.7295, 0.6729999999999998, 0.7245, 0.8850000000000002, 0.682, 0.5594999999999999], [0.9625000000000002, 1.0000000000000002, 0.8525, 0.9925000000000002, None, 0.7750000000000001, 0.8925000000000003, 0.9800000000000002, 0.9100000000000001, 0.6815000000000001], [0.9200000000000004, 0.9795000000000001, 0.8865000000000001, 1.0075, 0.8465000000000001, None, 0.9465000000000003, 0.9500000000000002, 0.8015000000000001, 0.7580000000000001], [0.8975000000000003, 0.9690000000000002, 0.9034999999999999, 0.9875000000000002, 0.8925000000000001, 0.875, None, 0.9725000000000001, 0.8350000000000001, 0.7314999999999999], [0.7810000000000001, 0.8725000000000003, 0.6925, 0.8149999999999998, 0.6874999999999999, 0.5455, 0.6444999999999999, None, 0.6324999999999998, 0.4975000000000001], [0.9750000000000003, 1.0100000000000002, 0.8649999999999999, 1.0050000000000001, 1.0175, 0.8375, 0.9425000000000001, 0.9900000000000002, None, 0.7615000000000001], [0.9200000000000004, 0.9750000000000003, 1.0100000000000002, 1.0275, 0.9200000000000004, 0.9250000000000003, 0.9700000000000003, 0.9750000000000003, 0.8925000000000003, None]]Seuil : 0 Noyau : 
Seuil : 1 Noyau : 
Seuil : 2 Noyau : 
Seuil : 3 Noyau : 
Seuil : 4 Noyau : 
Seuil : 5 Noyau : 
Seuil : 6 Noyau : 
Seuil : 7 Noyau : 
Seuil : 8 Noyau : 9 
Seuil : 9 Noyau : 9 
